154531	
3	
20	
3	
2	
55515	
2	
2	
0	
5	
2	
0	
0	
75520	
4	
5	
451	
4	
1492	
1	
294	
1495	
5	
1	
4	
154	
1511	
5	
464	
5	
5	
5	
5	
1	
5	
1	
112	
12	
121212	
1	
12	
51	
5	
54545	
4	
45	
5	
564	
4	
5	
54646	
65	
4	
4	
4	
12	
13	
45	
15	
51	
51	
54	
4	
48	
0	
300	
51	
5	
1	
461	
15	
15	
1	
15	
51	
31	
351	
1351	
135	
65	
35	
531	
5	
15	
35	
545	
51	
1	
51	
4	
65	
5	
1	
5	
5	
5	
23	
2	
2	
2	
56	
6	
3333	
0	
5	
3	
0	
0	
2	
5	
3	
0	
5	
66	
2	
32	
5	
23	
10	
5	
23	
10	
2202	
2	
0	
21	
5	
8	
47	
5	
8	
7	
4	
5	
52	
2	
1	
999	
100	
97	
95	
93	
92	
97	
94	
91	
90	
82	
87	
89	
86	
823	
820	
0	
85	
84	
54	
8	
878	
6	
75	
4	
737	
72	
1	
7	
70	
71	
68	
7	
46	
6	
60	
63	
62	
1	
6	
4	
95	
85	
75	
65	
5	
53	
2	
5	
51	
0	
5	
9	
84	
4	
47	
5	
4	
46	
43	
2	
4	
41	
40	
9	
53	
53	
73	
363	
35	
34	
313	
30	
29	
28	
27	
26	
25	
24	
23	
22	
21	
20	
19	
18	
17	
16	
15	
14	
13	
12	
11	
10	
9	
8	
7	
6	
5	
4	
3	
2	
1	
--	--
a	b

0	
0	
0	
0	
0	
0	
0	
0	
0	
0	
0	
1	
1	
1	
1	
1	
1	
1	
1	
1	
1	
1	
1	
1	
2	
2	
2	
2	
2	
2	
2	
2	
2	
2	
2	
2	
2	
2	
3	
3	
3	
3	
3	
4	
4	
4	
4	
4	
4	
4	
4	
4	
4	
4	
4	
4	
4	
4	
4	
4	
5	
5	
5	
5	
5	
5	
5	
5	
5	
5	
5	
5	
5	
5	
5	
5	
5	
5	
5	
5	
5	
5	
5	
5	
5	
5	
5	
5	
5	
5	
5	
6	
6	
6	
6	
6	
7	
7	
7	
7	
8	
8	
8	
8	
9	
9	
9	
10	
10	
10	
11	
12	
12	
12	
12	
13	
13	
14	
15	
15	
15	
15	
15	
15	
16	
17	
18	
19	
20	
20	
21	
21	
22	
23	
23	
23	
23	
24	
25	
26	
27	
28	
29	
30	
31	
32	
34	
35	
35	
35	
40	
41	
43	
45	
45	
46	
46	
47	
47	
48	
51	
51	
51	
51	
51	
51	
51	
51	
52	
53	
53	
53	
54	
54	
56	
60	
62	
63	
65	
65	
65	
65	
66	
68	
70	
71	
72	
73	
75	
75	
82	
84	
84	
85	
85	
86	
87	
89	
90	
91	
92	
93	
94	
95	
95	
97	
97	
100	
112	
135	
154	
294	
300	
313	
351	
363	
451	
461	
464	
531	
545	
564	
737	
820	
823	
878	
999	
1351	
1492	
1495	
1511	
2202	
3333	
54545	
54646	
55515	
75520	
121212	
154531	
--	--
a	b

**********|7927|***********
